143.7115056177 1.0001012391 0.0000753939 Kepler
143.7319397768 1.0001305907 0.0000753471 Kepler
143.7523739359 1.0000843980 0.0000752672 Kepler
143.7728080948 1.0000990257 0.0000752219 Kepler
143.7932422537 1.0000305064 0.0000753648 Kepler
143.8136764124 1.0001697583 0.0000753991 Kepler
143.8341105710 1.0000555275 0.0000753342 Kepler
143.8545447296 1.0000959461 0.0000753801 Kepler
143.8749787880 1.0002479010 0.0000753465 Kepler
143.8954130464 1.0000886323 0.0000753197 Kepler
143.9158472046 1.0000613016 0.0000753539 Kepler
143.9362812627 1.0002177795 0.0000753483 Kepler
143.9567155208 1.0001397330 0.0000753544 Kepler
143.9771496786 1.0000582221 0.0000753381 Kepler
143.9975837365 1.0000239625 0.0000753327 Kepler
144.0180178942 1.0001625407 0.0000753235 Kepler
144.0384521519 1.0002811982 0.0000753115 Kepler
144.0588863094 1.0001192350 0.0000753973 Kepler
144.0793203669 1.0002097920 0.0000753234 Kepler
144.0997546242 1.0001387707 0.0000753483 Kepler
144.1201887815 1.0000737159 0.0000753242 Kepler
144.1406228385 1.0001347288 0.0000753019 Kepler
144.1610569956 0.9999795020 0.0000753230 Kepler
144.1814912525 1.0001365573 0.0000753384 Kepler
144.2019253093 1.0000990257 0.0000753683 Kepler
144.2223594661 1.0000622639 0.0000753274 Kepler
144.2427937227 1.0001409841 0.0000753613 Kepler
144.2632277792 1.0002190305 0.0000752915 Kepler
144.2836619356 1.0001383857 0.0000753318 Kepler
144.3040960920 1.0002208590 0.0000753393 Kepler
144.3245302482 1.0001462770 0.0000753366 Kepler
144.3449644043 1.0002273067 0.0000753739 Kepler
144.3653985603 1.0000712138 0.0000753810 Kepler
144.3858326162 1.0001317455 0.0000753659 Kepler
144.4062668721 1.0001986287 0.0000753396 Kepler
144.4267010277 1.0002170096 0.0000754058 Kepler
144.4471350834 1.0002473236 0.0000753471 Kepler
144.4675693389 0.9998956814 0.0000753883 Kepler
144.4880034942 0.9999362925 0.0000753399 Kepler
144.5084375496 1.0000307952 0.0000753892 Kepler
144.5288717048 0.9999228197 0.0000753862 Kepler
144.5493059599 1.0000316613 0.0000753851 Kepler
144.5697401148 1.0001252015 0.0000753744 Kepler
144.5901741698 1.0000346445 0.0000754031 Kepler
144.6106084245 1.0000290629 0.0000753833 Kepler
144.6310425792 1.0000626489 0.0000753733 Kepler
144.6514766338 1.0000515819 0.0000753934 Kepler
144.6719107883 1.0001060508 0.0000754133 Kepler
144.6923450427 1.0000238662 0.0000753830 Kepler
144.7127790969 1.0000995068 0.0000753794 Kepler
144.7332132512 1.0000906532 0.0000754036 Kepler
144.7536475052 0.9999837363 0.0000754014 Kepler
144.7740815592 1.0001608084 0.0000754133 Kepler
144.7945157131 1.0000796825 0.0000753872 Kepler
144.8149498668 0.9999329243 0.0000753384 Kepler
144.8353841205 1.0000423433 0.0000753827 Kepler
144.8558181740 1.0000981595 0.0000753761 Kepler
144.8762523276 0.9998376518 0.0000754088 Kepler
144.8966864809 1.0001117287 0.0000753519 Kepler
144.9171206341 0.9998598821 0.0000753911 Kepler
144.9375547873 1.0000049080 0.0000753860 Kepler
144.9579889403 1.0000723686 0.0000753819 Kepler
144.9784231933 1.0002226874 0.0000753837 Kepler
144.9988572461 1.0000407073 0.0000753675 Kepler
145.0192913989 1.0001190425 0.0000753199 Kepler
145.0397255515 1.0002482859 0.0000753863 Kepler
145.0601597040 1.0001100927 0.0000753718 Kepler
145.0805938564 1.0001412728 0.0000753427 Kepler
145.1010280088 1.0001022014 0.0000753541 Kepler
145.1214622609 1.0001746663 0.0000753503 Kepler
145.1418963131 1.0000207867 0.0000753728 Kepler
145.1623304650 1.0001706244 0.0000753958 Kepler
145.1827645170 1.0001965116 0.0000753681 Kepler
145.2031987688 1.0000802599 0.0000753575 Kepler
145.2236329205 1.0000042343 0.0000752838 Kepler
145.2440669720 1.0000675569 0.0000753506 Kepler
145.2645012236 1.0000747745 0.0000753358 Kepler
145.2849353749 1.0000216528 0.0000753430 Kepler
145.3053695262 1.0000228077 0.0000753570 Kepler
145.3258035774 1.0001330928 0.0000753385 Kepler
145.3462378285 1.0000387826 0.0000753684 Kepler
145.3666719794 1.0002286540 0.0000752945 Kepler
145.3871060303 1.0001040299 0.0000753611 Kepler
145.4075402810 1.0000596656 0.0000753605 Kepler
145.4279744317 1.0002142188 0.0000753184 Kepler
145.4484084822 1.0000630338 0.0000753432 Kepler
145.4688426327 1.0000969085 0.0000752567 Kepler
145.4892768830 1.0000000000 0.0000753264 Kepler
145.5097109332 1.0001058583 0.0000753328 Kepler
145.5301450834 1.0000989294 0.0000753258 Kepler
145.5505792334 1.0001396368 0.0000752828 Kepler
145.5710134833 1.0003851319 0.0000753001 Kepler
145.5914475331 1.0001150006 0.0000753062 Kepler
145.6118816828 1.0002214364 0.0000753076 Kepler
145.6323159324 1.0001571515 0.0000753171 Kepler
145.6527499819 1.0001036449 0.0000753168 Kepler
145.6731841314 1.0000471551 0.0000752903 Kepler
145.6936181806 1.0000044268 0.0000753297 Kepler
592.7408175638 1.0001990159 0.0000744510 Kepler
592.7612509439 1.0000999235 0.0000744573 Kepler
592.7816845238 1.0000823769 0.0000744590 Kepler
592.8021180034 1.0001737118 0.0000744554 Kepler
592.8225513828 1.0000340774 0.0000744680 Kepler
592.8429849620 0.9999848545 0.0000744467 Kepler
592.8634184409 1.0001342780 0.0000744428 Kepler
592.8838518196 0.9999224254 0.0000744462 Kepler
592.9042853983 1.0001376950 0.0000744499 Kepler
592.9247187765 0.9999579804 0.0000744366 Kepler
592.9451522547 1.0000699095 0.0000744505 Kepler
592.9655858325 1.0002161931 0.0000744439 Kepler
592.9860192103 1.0001516399 0.0000744583 Kepler
593.0064526878 1.0001859944 0.0000744613 Kepler
593.0268862651 1.0000426660 0.0000744347 Kepler
593.0473197422 1.0000978918 0.0000744626 Kepler
593.0677532190 1.0000773899 0.0000744537 Kepler
593.0881866958 0.9999674925 0.0000744538 Kepler
593.1086201722 1.0001949524 0.0000744341 Kepler
593.1290537486 1.0001674319 0.0000744490 Kepler
593.1494871245 1.0000203172 0.0000744521 Kepler
593.1699206004 1.0001860868 0.0000744610 Kepler
593.1903541760 1.0000508853 0.0000744638 Kepler
593.2107875515 0.9999744188 0.0000744545 Kepler
593.2312210267 1.0001060187 0.0000744278 Kepler
593.2516546016 1.0000519011 0.0000744675 Kepler
593.2720879764 1.0000290905 0.0000744612 Kepler
593.2925214509 1.0001762052 0.0000744610 Kepler
593.3129550254 1.0001070345 0.0000744624 Kepler
593.3538218735 0.9998827145 0.0000744530 Kepler
593.3742554470 0.9998635056 0.0000744366 Kepler
593.3946888206 0.9999377556 0.0000744419 Kepler
593.4151223939 0.9998227789 0.0000744387 Kepler
593.4355558671 0.9999699860 0.0000744481 Kepler
593.4559893399 0.9999124515 0.0000744552 Kepler
593.4764228126 0.9999181772 0.0000744590 Kepler
593.4968562852 0.9998869627 0.0000744622 Kepler
593.5172897574 0.9998890867 0.0000744518 Kepler
593.5377232293 0.9999061716 0.0000744516 Kepler
593.5581567013 0.9997848227 0.0000744565 Kepler
593.5785901730 0.9999261194 0.0000744491 Kepler
593.5990236442 0.9997954431 0.0000744341 Kepler
593.6194571155 0.9999574263 0.0000744497 Kepler
593.6398904865 0.9999274123 0.0000744614 Kepler
593.6603240573 0.9998402332 0.0000744277 Kepler
593.6807575278 0.9998562099 0.0000744396 Kepler
593.7011908984 0.9999396026 0.0000744468 Kepler
593.7216244684 0.9999110662 0.0000744544 Kepler
593.7420579385 0.9998678461 0.0000744492 Kepler
593.7624915081 1.0000459907 0.0000744381 Kepler
593.7829248777 0.9999634291 0.0000744512 Kepler
593.8033583471 0.9999987071 0.0000744587 Kepler
593.8237919160 0.9998348769 0.0000744261 Kepler
593.8442252850 0.9997899944 0.0000744209 Kepler
593.8646587539 0.9999367397 0.0000744399 Kepler
593.8850923223 1.0000393414 0.0000744454 Kepler
593.9055256905 1.0002200718 0.0000744308 Kepler
593.9259591585 0.9997821446 0.0000744102 Kepler
593.9463927265 0.9998069869 0.0000744151 Kepler
593.9668261940 0.9999692472 0.0000744583 Kepler
593.9872595616 0.9999875326 0.0000744226 Kepler
594.0076931288 0.9998997071 0.0000744299 Kepler
594.0281265959 1.0000143144 0.0000744241 Kepler
594.0485599627 0.9999425578 0.0000744488 Kepler
594.0689935293 0.9999134673 0.0000744281 Kepler
594.0894269957 1.0000304757 0.0000744446 Kepler
594.1098605618 1.0000589198 0.0000744384 Kepler
594.1302939279 1.0000462677 0.0000744564 Kepler
594.1507273936 1.0000474683 0.0000744380 Kepler
594.1711609592 0.9998760653 0.0000744345 Kepler
594.1915943244 0.9999393256 0.0000744400 Kepler
594.2120277896 1.0000784981 0.0000744586 Kepler
594.2324613545 1.0001256894 0.0000744447 Kepler
594.2528947193 0.9998865009 0.0000744473 Kepler
594.2733281838 0.9999021082 0.0000744338 Kepler
594.2937616480 0.9999000765 0.0000744472 Kepler
594.3141951123 0.9999350774 0.0000744362 Kepler
594.3346285761 1.0001108209 0.0000744601 Kepler
594.3550620396 0.9998647061 0.0000744411 Kepler
594.3754955032 1.0000724953 0.0000744335 Kepler
594.3959289665 0.9999408955 0.0000744555 Kepler
594.4163624294 0.9999770970 0.0000744423 Kepler
594.4367958923 0.9998226866 0.0000744560 Kepler
594.4572294549 0.9998796670 0.0000744510 Kepler
594.4776629173 0.9998840998 0.0000744593 Kepler
594.4980962797 0.9998587033 0.0000744470 Kepler
594.5185298416 0.9999565028 0.0000744351 Kepler
594.5389633033 0.9999436660 0.0000744416 Kepler
594.5593966650 0.9998679384 0.0000744518 Kepler
594.5798302262 0.9999430196 0.0000744507 Kepler
594.6002636875 0.9999712789 0.0000744600 Kepler
594.6206970485 0.9999896567 0.0000744554 Kepler
594.6411306092 0.9998872397 0.0000744280 Kepler
594.6615640698 1.0000923508 0.0000744197 Kepler
594.6819974301 0.9999689701 0.0000744486 Kepler
594.7024309902 0.9998961054 0.0000744366 Kepler
1041.7470097212 1.0000522173 0.0000748018 Kepler
1041.7674426647 0.9999798787 0.0000748031 Kepler
1041.7878756082 0.9999947979 0.0000748074 Kepler
1041.8083085517 0.9999083253 0.0000748015 Kepler
1041.8287414951 1.0000463281 0.0000748093 Kepler
1041.8491744385 0.9999213796 0.0000748037 Kepler
1041.8696073819 0.9999163739 0.0000748042 Kepler
1041.8900404252 1.0001275004 0.0000748134 Kepler
1041.9104732686 0.9999265817 0.0000748023 Kepler
1041.9309063119 0.9998447223 0.0000747971 Kepler
1041.9513392551 1.0000076559 0.0000748064 Kepler
1041.9717720984 0.9999192203 0.0000747967 Kepler
1041.9922051416 0.9998152765 0.0000747945 Kepler
1042.0126380848 0.9999503347 0.0000747902 Kepler
1042.0330709280 0.9998959581 0.0000748057 Kepler
1042.0535039711 1.0000161952 0.0000748100 Kepler
1042.0739369143 0.9999099939 0.0000748060 Kepler
1042.0943697574 0.9999822344 0.0000748081 Kepler
1042.1148028004 0.9998857502 0.0000747931 Kepler
1042.1352357435 0.9999092087 0.0000748072 Kepler
1042.1556686865 1.0000778351 0.0000748080 Kepler
1042.1761016295 1.0000569286 0.0000747979 Kepler
1042.1965345724 0.9999969573 0.0000748082 Kepler
1042.2169675154 0.9999437585 0.0000748071 Kepler
1042.2374004583 1.0001111089 0.0000748105 Kepler
1042.2578334012 1.0000821539 0.0000748096 Kepler
1042.2782663441 0.9997648260 0.0000747969 Kepler
1042.2986992869 0.9999654502 0.0000748061 Kepler
1042.3191322297 1.0000939322 0.0000748091 Kepler
1042.3395651725 0.9999477827 0.0000748148 Kepler
1042.3599981153 1.0000440706 0.0000748080 Kepler
1042.3804311581 0.9999428751 0.0000748089 Kepler
1042.4008640008 0.9999498439 0.0000748045 Kepler
1042.4212969434 1.0000654679 0.0000748023 Kepler
1042.4417299862 0.9999408139 0.0000748058 Kepler
1042.4621629288 1.0000267957 0.0000748030 Kepler
1042.4825957714 0.9999202018 0.0000748056 Kepler
1042.5030288140 0.9998666104 0.0000748084 Kepler
1042.5234617566 1.0000547692 0.0000747974 Kepler
1042.5438945992 0.9998756405 0.0000748006 Kepler
1042.5643276417 1.0000155081 0.0000748044 Kepler
1042.5847605842 0.9998914431 0.0000748138 Kepler
1042.6051936267 0.9998306865 0.0000748109 Kepler
1042.6256264691 0.9999791916 0.0000748088 Kepler
1042.6460594115 0.9998376553 0.0000748079 Kepler
1042.6664924540 0.9998371646 0.0000748007 Kepler
1042.6869252964 0.9998571877 0.0000748155 Kepler
1042.7073582388 1.0000566341 0.0000748132 Kepler
1042.7277912811 0.9999312931 0.0000748093 Kepler
1042.7482241234 0.9998508078 0.0000747942 Kepler
1042.7686570657 1.0000847058 0.0000748071 Kepler
1042.7890900080 0.9997913272 0.0000747890 Kepler
1042.8095229503 0.9998266622 0.0000747968 Kepler
1042.8299559925 0.9998832964 0.0000747995 Kepler
1042.8503888347 0.9997166330 0.0000747967 Kepler
1042.8708217769 0.9998764257 0.0000747994 Kepler
1042.8912548191 0.9997881864 0.0000748044 Kepler
1042.9116876612 0.9998159636 0.0000748055 Kepler
1042.9321206033 0.9998410907 0.0000748081 Kepler
1042.9525536454 0.9999615241 0.0000748059 Kepler
1042.9729865875 0.9997662001 0.0000747931 Kepler
1042.9934194295 0.9999516107 0.0000747943 Kepler
1043.0138524716 0.9999805658 0.0000748044 Kepler
1043.0342854136 0.9999232445 0.0000748004 Kepler
1043.0547183556 1.0000432854 0.0000748138 Kepler
1043.0751512975 0.9999790935 0.0000748090 Kepler
1043.0955842395 0.9999107791 0.0000747964 Kepler
1043.1160172814 1.0000200232 0.0000748119 Kepler
1043.1364501233 0.9998724014 0.0000747901 Kepler
1043.1568830652 0.9998911486 0.0000748078 Kepler
1043.1773161071 0.9999722228 0.0000748096 Kepler
1043.1977489489 0.9998512004 0.0000748072 Kepler
1043.2181818907 1.0000525117 0.0000747948 Kepler
1043.2386149325 0.9999811547 0.0000748091 Kepler
1043.2590477743 0.9999975462 0.0000748159 Kepler
1043.2794807161 0.9998941913 0.0000748061 Kepler
1043.2999137578 0.9999012583 0.0000747991 Kepler
1043.3203465995 0.9998263678 0.0000748157 Kepler
1043.3407796412 1.0001341748 0.0000748082 Kepler
1043.3612125829 0.9999600518 0.0000748138 Kepler
1043.3816454245 0.9998753460 0.0000748103 Kepler
1043.4020784662 0.9999077364 0.0000748004 Kepler
1043.4225114078 0.9999449363 0.0000748110 Kepler
1043.4429443494 1.0000237530 0.0000748210 Kepler
1043.4633772910 0.9998984119 0.0000748110 Kepler
1043.4838102325 0.9999792898 0.0000748085 Kepler
1043.5042431740 0.9998696531 0.0000748109 Kepler
1043.5246761156 0.9999096995 0.0000748160 Kepler
1043.5451090571 0.9998675919 0.0000748055 Kepler
1043.5655419985 0.9999044974 0.0000748088 Kepler
1043.5859749400 0.9999256984 0.0000748100 Kepler
1043.6064078814 0.9999687874 0.0000747976 Kepler
1043.6268409228 0.9999682967 0.0000748010 Kepler
1043.6472737643 0.9998634695 0.0000748020 Kepler
1043.6677067056 0.9998884003 0.0000748011 Kepler
1043.6881397470 0.9998616046 0.0000748007 Kepler
1043.7085725884 1.0000089319 0.0000748077 Kepler
1043.7290055296 0.9999993129 0.0000748108 Kepler
